-10 74906
-9.93311 73904
-9.86622 72908.6
-9.79933 71920
-9.73244 70938.1
-9.66555 69962.9
-9.59866 68994.5
-9.53177 68032.7
-9.46488 67077.7
-9.39799 66129.5
-9.3311 65187.9
-9.26421 64253.1
-9.19732 63325
-9.13043 62403.6
-9.06355 61489
-8.99666 60581.1
-8.92977 59679.9
-8.86288 58785.4
-8.79599 57897.6
-8.7291 57016.6
-8.66221 56142.3
-8.59532 55274.8
-8.52843 54413.9
-8.46154 53559.8
-8.39465 52712.4
-8.32776 51871.7
-8.26087 51037.8
-8.19398 50210.6
-8.12709 49390.1
-8.0602 48576.3
-7.99331 47769.3
-7.92642 46969
-7.85953 46175.4
-7.79264 45388.5
-7.72575 44608.4
-7.65886 43834.9
-7.59197 43068.3
-7.52508 42308.3
-7.45819 41555.1
-7.3913 40808.5
-7.32441 40068.8
-7.25753 39335.7
-7.19064 38609.4
-7.12375 37889.7
-7.05686 37176.9
-6.98997 36470.7
-6.92308 35771.3
-6.85619 35078.5
-6.7893 34392.6
-6.72241 33713.3
-6.65552 33040.8
-6.58863 32375
-6.52174 31715.9
-6.45485 31063.5
-6.38796 30417.9
-6.32107 29779
-6.25418 29146.8
-6.18729 28521.3
-6.1204 27902.6
-6.05351 27290.6
-5.98662 26685.3
-5.91973 26086.8
-5.85284 25494.9
-5.78595 24909.8
-5.71906 24331.5
-5.65217 23759.8
-5.58528 23194.9
-5.51839 22636.7
-5.45151 22085.2
-5.38462 21540.4
-5.31773 21002.4
-5.25084 20471.1
-5.18395 19946.5
-5.11706 19428.7
-5.05017 18917.5
-4.98328 18413.1
-4.91639 17915.5
-4.8495 17424.5
-4.78261 16940.3
-4.71572 16462.8
-4.64883 15992
-4.58194 15528
-4.51505 15070.7
-4.44816 14620.1
-4.38127 14176.2
-4.31438 13739
-4.24749 13308.6
-4.1806 12884.9
-4.11371 12467.9
-4.04682 12057.7
-3.97993 11654.2
-3.91304 11257.4
-3.84615 10867.3
-3.77926 10484
-3.71237 10107.3
-3.64548 9737.45
-3.5786 9374.29
-3.51171 9017.84
-3.44482 8668.12
-3.37793 8325.13
-3.31104 7988.86
-3.24415 7659.32
-3.17726 7336.51
-3.11037 7020.42
-3.04348 6711.05
-2.97659 6408.41
-2.9097 6112.49
-2.84281 5823.3
-2.77592 5540.84
-2.70903 5265.1
-2.64214 4996.09
-2.57525 4733.8
-2.50836 4478.24
-2.44147 4229.4
-2.37458 3987.29
-2.30769 3751.9
-2.2408 3523.24
-2.17391 3301.3
-2.10702 3086.09
-2.04013 2877.6
-1.97324 2675.84
-1.90635 2480.81
-1.83946 2292.5
-1.77258 2110.91
-1.70569 1936.06
-1.6388 1767.92
-1.57191 1606.51
-1.50502 1451.83
-1.43813 1303.87
-1.37124 1162.64
-1.30435 1028.13
-1.23746 900.353
-1.17057 779.296
-1.10368 664.966
-1.03679 557.36
-0.9699 456.48
-0.90301 362.325
-0.83612 274.896
-0.769231 194.192
-0.702341 120.213
-0.635452 52.9593
-0.568562 -7.56881
-0.501672 -61.3716
-0.434783 -108.449
-0.367893 -148.801
-0.301003 -182.428
-0.234114 -209.329
-0.167224 -229.505
-0.100334 -242.956
-0.0334448 -249.681
0.0334448 -249.681
0.100334 -242.956
0.167224 -229.505
0.234114 -209.329
0.301003 -182.428
0.367893 -148.801
0.434783 -108.449
0.501672 -61.3716
0.568562 -7.56881
0.635452 52.9593
0.702341 120.213
0.769231 194.192
0.83612 274.896
0.90301 362.325
0.9699 456.48
1.03679 557.36
1.10368 664.966
1.17057 779.296
1.23746 900.353
1.30435 1028.13
1.37124 1162.64
1.43813 1303.87
1.50502 1451.83
1.57191 1606.51
1.6388 1767.92
1.70569 1936.06
1.77258 2110.91
1.83946 2292.5
1.90635 2480.81
1.97324 2675.84
2.04013 2877.6
2.10702 3086.09
2.17391 3301.3
2.2408 3523.24
2.30769 3751.9
2.37458 3987.29
2.44147 4229.4
2.50836 4478.24
2.57525 4733.8
2.64214 4996.09
2.70903 5265.1
2.77592 5540.84
2.84281 5823.3
2.9097 6112.49
2.97659 6408.41
3.04348 6711.05
3.11037 7020.42
3.17726 7336.51
3.24415 7659.32
3.31104 7988.86
3.37793 8325.13
3.44482 8668.12
3.51171 9017.84
3.5786 9374.29
3.64548 9737.45
3.71237 10107.3
3.77926 10484
3.84615 10867.3
3.91304 11257.4
3.97993 11654.2
4.04682 12057.7
4.11371 12467.9
4.1806 12884.9
4.24749 13308.6
4.31438 13739
4.38127 14176.2
4.44816 14620.1
4.51505 15070.7
4.58194 15528
4.64883 15992
4.71572 16462.8
4.78261 16940.3
4.8495 17424.5
4.91639 17915.5
4.98328 18413.1
5.05017 18917.5
5.11706 19428.7
5.18395 19946.5
5.25084 20471.1
5.31773 21002.4
5.38462 21540.4
5.45151 22085.2
5.51839 22636.7
5.58528 23194.9
5.65217 23759.8
5.71906 24331.5
5.78595 24909.8
5.85284 25494.9
5.91973 26086.8
5.98662 26685.3
6.05351 27290.6
6.1204 27902.6
6.18729 28521.3
6.25418 29146.8
6.32107 29779
6.38796 30417.9
6.45485 31063.5
6.52174 31715.9
6.58863 32375
6.65552 33040.8
6.72241 33713.3
6.7893 34392.6
6.85619 35078.5
6.92308 35771.3
6.98997 36470.7
7.05686 37176.9
7.12375 37889.7
7.19064 38609.4
7.25753 39335.7
7.32441 40068.8
7.3913 40808.5
7.45819 41555.1
7.52508 42308.3
7.59197 43068.3
7.65886 43834.9
7.72575 44608.4
7.79264 45388.5
7.85953 46175.4
7.92642 46969
7.99331 47769.3
8.0602 48576.3
8.12709 49390.1
8.19398 50210.6
8.26087 51037.8
8.32776 51871.7
8.39465 52712.4
8.46154 53559.8
8.52843 54413.9
8.59532 55274.8
8.66221 56142.3
8.7291 57016.6
8.79599 57897.6
8.86288 58785.4
8.92977 59679.9
8.99666 60581.1
9.06355 61489
9.13043 62403.6
9.19732 63325
9.26421 64253.1
9.3311 65187.9
9.39799 66129.5
9.46488 67077.7
9.53177 68032.7
9.59866 68994.5
9.66555 69962.9
9.73244 70938.1
9.79933 71920
9.86622 72908.6
9.93311 73904
10 74906
