0 -11270.8
0.0909091 -10259.5
0.181818 -9308.54
0.272727 -8415.82
0.363636 -7579.34
0.454545 -6797.11
0.545455 -6067.12
0.636364 -5387.35
0.727273 -4755.81
0.818182 -4170.49
0.909091 -3629.38
1 -3130.47
1.09091 -2671.76
1.18182 -2251.24
1.27273 -1866.91
1.36364 -1516.76
1.45455 -1198.78
1.54545 -910.975
1.63636 -651.326
1.72727 -417.831
1.81818 -208.486
1.90909 -21.2822
2 145.785
2.09091 294.723
2.18182 427.537
2.27273 546.234
2.36364 652.821
2.45455 749.302
2.54545 837.685
2.63636 919.976
2.72727 998.181
2.81818 1074.31
2.90909 1150.36
3 1228.34
3.09091 1310.27
3.18182 1398.14
3.27273 1493.96
3.36364 1599.74
3.45455 1717.48
3.54545 1849.2
3.63636 1996.89
3.72727 2162.56
3.81818 2348.22
3.90909 2555.88
4 2787.54
4.09091 3045.21
4.18182 3330.89
4.27273 3646.6
4.36364 3994.33
4.45455 4376.09
4.54545 4793.89
4.63636 5249.74
4.72727 5745.64
4.81818 6283.6
4.90909 6865.62
5 7493.71
5.09091 8169.88
5.18182 8896.14
5.27273 9674.48
5.36364 10506.9
5.45455 11395.5
5.54545 12342.1
5.63636 13348.9
5.72727 14417.8
5.81818 15550.8
5.90909 16749.9
6 18017.2
6.09091 19354.6
6.18182 20764.2
6.27273 22247.9
6.36364 23807.8
6.45455 25445.9
6.54545 27164.2
6.63636 28964.6
6.72727 30849.2
6.81818 32820.1
6.90909 34879.1
7 37028.3
7.09091 39269.8
7.18182 41605.4
7.27273 44037.3
7.36364 46567.4
7.45455 49197.8
7.54545 51930.4
7.63636 54767.3
7.72727 57710.4
7.81818 60761.8
7.90909 63923.5
8 67197.4
8.09091 70585.6
8.18182 74090.1
8.27273 77712.9
8.36364 81456.1
8.45455 85321.5
8.54545 89311.2
8.63636 93427.3
8.72727 97671.6
8.81818 102046
8.90909 106553
9 111195
