0 -2.35582e+07
0.282828 -2.21759e+07
0.565657 -2.08488e+07
0.848485 -1.95757e+07
1.13131 -1.83556e+07
1.41414 -1.71873e+07
1.69697 -1.60697e+07
1.9798 -1.50015e+07
2.26263 -1.39817e+07
2.54545 -1.3009e+07
2.82828 -1.20824e+07
3.11111 -1.12007e+07
3.39394 -1.03627e+07
3.67677 -9.56731e+06
3.9596 -8.81337e+06
4.24242 -8.09973e+06
4.52525 -7.42523e+06
4.80808 -6.78873e+06
5.09091 -6.18908e+06
5.37374 -5.62513e+06
5.65657 -5.09572e+06
5.93939 -4.59972e+06
6.22222 -4.13597e+06
6.50505 -3.70332e+06
6.78788 -3.30063e+06
7.07071 -2.92674e+06
7.35354 -2.58051e+06
7.63636 -2.26078e+06
7.91919 -1.96641e+06
8.20202 -1.69625e+06
8.48485 -1.44915e+06
8.76768 -1.22396e+06
9.05051 -1.01953e+06
9.33333 -834719
9.61616 -668366
9.89899 -519328
10.1818 -386455
10.4646 -268598
10.7475 -164609
11.0303 -73337.3
11.3131 6365.01
11.596 75647.3
11.8788 135659
12.1616 187548
12.4444 232464
12.7273 271557
13.0101 305975
13.2929 336867
13.5758 365382
13.8586 392670
14.1414 419879
14.4242 448158
14.7071 478657
14.9899 512524
15.2727 550909
15.5556 594961
15.8384 645828
16.1212 704661
16.404 772606
16.6869 850815
16.9697 940436
17.2525 1.04262e+06
17.5354 1.15851e+06
17.8182 1.28926e+06
18.101 1.43602e+06
18.3838 1.59993e+06
18.6667 1.78215e+06
18.9495 1.98383e+06
19.2323 2.20611e+06
19.5152 2.45015e+06
19.798 2.71708e+06
20.0808 3.00807e+06
20.3636 3.32426e+06
20.6465 3.6668e+06
20.9293 4.03684e+06
21.2121 4.43552e+06
21.4949 4.864e+06
21.7778 5.32343e+06
22.0606 5.81495e+06
22.3434 6.33971e+06
22.6263 6.89887e+06
22.9091 7.49357e+06
23.1919 8.12496e+06
23.4747 8.79419e+06
23.7576 9.50241e+06
24.0404 1.02508e+07
24.3232 1.10404e+07
24.6061 1.18725e+07
24.8889 1.27482e+07
25.1717 1.36686e+07
25.4545 1.46348e+07
25.7374 1.56482e+07
26.0202 1.67097e+07
26.303 1.78205e+07
26.5859 1.89818e+07
26.8687 2.01947e+07
27.1515 2.14604e+07
27.4343 2.27801e+07
27.7172 2.41548e+07
28 2.55857e+07
