-15 15859.2
-14.697 15031.3
-14.3939 14232
-14.0909 13460.7
-13.7879 12717.1
-13.4848 12000.6
-13.1818 11310.7
-12.8788 10647
-12.5758 10008.9
-12.2727 9396.05
-11.9697 8807.87
-11.6667 8243.92
-11.3636 7703.7
-11.0606 7186.73
-10.7576 6692.54
-10.4545 6220.63
-10.1515 5770.52
-9.84848 5341.73
-9.54545 4933.77
-9.24242 4546.17
-8.93939 4178.43
-8.63636 3830.09
-8.33333 3500.64
-8.0303 3189.61
-7.72727 2896.52
-7.42424 2620.89
-7.12121 2362.22
-6.81818 2120.03
-6.51515 1893.85
-6.21212 1683.19
-5.90909 1487.56
-5.60606 1306.49
-5.30303 1139.49
-5 986.067
-4.69697 845.751
-4.39394 718.054
-4.09091 602.492
-3.78788 498.583
-3.48485 405.844
-3.18182 323.79
-2.87879 251.939
-2.57576 189.807
-2.27273 136.911
-1.9697 92.7675
-1.66667 56.8933
-1.36364 28.805
-1.06061 8.01934
-0.757576 -5.94705
-0.454545 -13.5775
-0.151515 -15.3553
0.151515 -11.7638
0.454545 -3.28626
0.757576 9.59391
1.06061 26.3934
1.36364 46.629
1.66667 69.8172
1.9697 95.4748
2.27273 123.118
2.57576 152.265
2.87879 182.431
3.18182 213.133
3.48485 243.887
3.78788 274.211
4.09091 303.621
4.39394 331.634
4.69697 357.767
5 381.535
5.30303 402.457
5.60606 420.048
5.90909 433.825
6.21212 443.305
6.51515 448.004
6.81818 447.44
7.12121 441.128
7.42424 428.586
7.72727 409.331
8.0303 382.878
8.33333 348.745
8.63636 306.448
8.93939 255.504
9.24242 195.429
9.54545 125.741
9.84848 45.9563
10.1515 -44.4091
10.4545 -145.838
10.7576 -258.814
11.0606 -383.821
11.3636 -521.341
11.6667 -671.858
11.9697 -835.855
12.2727 -1013.82
12.5758 -1206.22
12.8788 -1413.56
13.1818 -1636.31
13.4848 -1874.96
13.7879 -2129.99
14.0909 -2401.88
14.3939 -2691.12
14.697 -2998.19
15 -3323.58
