-5 -3.7156e+07
-4.78788 -3.49587e+07
-4.57576 -3.28499e+07
-4.36364 -3.08276e+07
-4.15152 -2.88901e+07
-3.93939 -2.70356e+07
-3.72727 -2.52622e+07
-3.51515 -2.35681e+07
-3.30303 -2.19515e+07
-3.09091 -2.04106e+07
-2.87879 -1.89436e+07
-2.66667 -1.75486e+07
-2.45455 -1.62239e+07
-2.24242 -1.49676e+07
-2.0303 -1.37779e+07
-1.81818 -1.26529e+07
-1.60606 -1.1591e+07
-1.39394 -1.05902e+07
-1.18182 -9.64882e+06
-0.969697 -8.76492e+06
-0.757576 -7.93674e+06
-0.545455 -7.16245e+06
-0.333333 -6.44023e+06
-0.121212 -5.76829e+06
0.0909091 -5.14479e+06
0.30303 -4.56792e+06
0.515152 -4.03587e+06
0.727273 -3.54682e+06
0.939394 -3.09895e+06
1.15152 -2.69045e+06
1.36364 -2.3195e+06
1.57576 -1.98428e+06
1.78788 -1.68299e+06
2 -1.41379e+06
2.21212 -1.17489e+06
2.42424 -964456
2.63636 -780678
2.84848 -621739
3.06061 -485824
3.27273 -371116
3.48485 -275799
3.69697 -198057
3.90909 -136074
4.12121 -88033.9
4.33333 -52121.1
4.54545 -26519.2
4.75758 -9412.21
4.9697 1015.83
5.18182 6581.01
5.39394 9099.36
5.60606 10386.9
5.81818 12259.7
6.0303 16533.7
6.24242 25025.1
6.45455 39549.8
6.66667 61923.8
6.87879 93963.3
7.09091 137484
7.30303 194303
7.51515 266234
7.72727 355096
7.93939 462703
8.15152 590871
8.36364 741418
8.57576 916158
8.78788 1.11691e+06
9 1.34548e+06
9.21212 1.6037e+06
9.42424 1.89337e+06
9.63636 2.21632e+06
9.84848 2.57436e+06
10.0606 2.96931e+06
10.2727 3.40297e+06
10.4848 3.87718e+06
10.697 4.39374e+06
10.9091 4.95447e+06
11.1212 5.56118e+06
11.3333 6.2157e+06
11.5455 6.91983e+06
11.7576 7.6754e+06
11.9697 8.48422e+06
12.1818 9.34811e+06
12.3939 1.02689e+07
12.6061 1.12483e+07
12.8182 1.22883e+07
13.0303 1.33906e+07
13.2424 1.45571e+07
13.4545 1.57895e+07
13.6667 1.70897e+07
13.8788 1.84595e+07
14.0909 1.99007e+07
14.303 2.14151e+07
14.5152 2.30046e+07
14.7273 2.46709e+07
14.9394 2.64159e+07
15.1515 2.82414e+07
15.3636 3.01492e+07
15.5758 3.21412e+07
15.7879 3.4219e+07
16 3.63847e+07
