10 -470077
10.0808 -432126
10.1616 -395434
10.2424 -359975
10.3232 -325721
10.404 -292647
10.4848 -260724
10.5657 -229927
10.6465 -200228
10.7273 -171601
10.8081 -144019
10.8889 -117455
10.9697 -91882.4
11.0505 -67274.2
11.1313 -43603.8
11.2121 -20844.2
11.2929 1031.16
11.3737 22049.3
11.4545 42236.8
11.5354 61620.7
11.6162 80227.6
11.697 98084.5
11.7778 115218
11.8586 131655
11.9394 147422
12.0202 162547
12.101 177055
12.1818 190974
12.2626 204330
12.3434 217151
12.4242 229463
12.5051 241292
12.5859 252667
12.6667 263613
12.7475 274157
12.8283 284326
12.9091 294147
12.9899 303647
13.0707 312852
13.1515 321790
13.2323 330486
13.3131 338969
13.3939 347264
13.4747 355398
13.5556 363399
13.6364 371293
13.7172 379107
13.798 386868
13.8788 394602
13.9596 402336
14.0404 410098
14.1212 417913
14.202 425809
14.2828 433813
14.3636 441950
14.4444 450249
14.5253 458736
14.6061 467437
14.6869 476380
14.7677 485592
14.8485 495098
14.9293 504926
15.0101 515103
15.0909 525655
15.1717 536610
15.2525 547993
15.3333 559833
15.4141 572155
15.4949 584987
15.5758 598355
15.6566 612286
15.7374 626807
15.8182 641945
15.899 657726
15.9798 674177
16.0606 691326
16.1414 709198
16.2222 727821
16.303 747222
16.3838 767426
16.4646 788462
16.5455 810356
16.6263 833135
16.7071 856824
16.7879 881453
16.8687 907046
16.9495 933631
17.0303 961235
17.1111 989884
17.1919 1.01961e+06
17.2727 1.05043e+06
17.3535 1.08237e+06
17.4343 1.11547e+06
17.5152 1.14975e+06
17.596 1.18524e+06
17.6768 1.22195e+06
17.7576 1.25993e+06
17.8384 1.2992e+06
17.9192 1.33978e+06
18 1.38169e+06
