-10 -947669
-9.70707 -884588
-9.41414 -824377
-9.12121 -766970
-8.82828 -712300
-8.53535 -660299
-8.24242 -610900
-7.94949 -564036
-7.65657 -519641
-7.36364 -477646
-7.07071 -437985
-6.77778 -400591
-6.48485 -365396
-6.19192 -332333
-5.89899 -301336
-5.60606 -272337
-5.31313 -245269
-5.0202 -220066
-4.72727 -196658
-4.43434 -174981
-4.14141 -154966
-3.84848 -136547
-3.55556 -119656
-3.26263 -104226
-2.9697 -90189.8
-2.67677 -77481
-2.38384 -66032
-2.09091 -55775.7
-1.79798 -46645.1
-1.50505 -38572.9
-1.21212 -31492.1
-0.919192 -25335.5
-0.626263 -20036.1
-0.333333 -15526.6
-0.040404 -11740.1
0.252525 -8609.27
0.545455 -6067.12
0.838384 -4046.49
1.13131 -2480.27
1.42424 -1301.33
1.71717 -442.546
2.0101 163.192
2.30303 583.01
2.59596 884.026
2.88889 1133.36
3.18182 1398.14
3.47475 1745.47
3.76768 2242.49
4.06061 2956.31
4.35354 3954.04
4.64646 5302.82
4.93939 7069.77
5.23232 9321.99
5.52525 12126.6
5.81818 15550.8
6.11111 19661.6
6.40404 24526.1
6.69697 30211.5
6.9899 36785
7.28283 44313.6
7.57576 52864.4
7.86869 62504.5
8.16162 73301.2
8.45455 85321.5
8.74747 98632.5
9.0404 113301
9.33333 129395
9.62626 146981
9.91919 166126
10.2121 186898
10.5051 209362
10.798 233588
11.0909 259641
11.3838 287589
11.6768 317499
11.9697 349438
12.2626 383473
12.5556 419671
12.8485 458100
13.1414 498826
13.4343 541917
13.7273 587440
14.0202 635462
14.3131 686049
14.6061 739270
14.899 795191
15.1919 853879
15.4848 915402
15.7778 979827
16.0707 1.04722e+06
16.3636 1.11765e+06
16.6566 1.19118e+06
16.9495 1.26788e+06
17.2424 1.34782e+06
17.5354 1.43107e+06
17.8283 1.51768e+06
18.1212 1.60774e+06
18.4141 1.70129e+06
18.7071 1.79843e+06
19 1.8992e+06
