-10 15166.3
-9.79798 14615.3
-9.59596 14070.2
-9.39394 13531.3
-9.19192 12998.7
-8.9899 12472.7
-8.78788 11953.5
-8.58586 11441.3
-8.38384 10936.4
-8.18182 10438.9
-7.9798 9949.06
-7.77778 9467.16
-7.57576 8993.38
-7.37374 8527.96
-7.17172 8071.11
-6.9697 7623.05
-6.76768 7184.01
-6.56566 6754.2
-6.36364 6333.85
-6.16162 5923.18
-5.9596 5522.41
-5.75758 5131.77
-5.55556 4751.47
-5.35354 4381.75
-5.15152 4022.81
-4.94949 3674.88
-4.74747 3338.19
-4.54545 3012.95
-4.34343 2699.39
-4.14141 2397.72
-3.93939 2108.18
-3.73737 1830.98
-3.53535 1566.35
-3.33333 1314.5
-3.13131 1075.66
-2.92929 850.052
-2.72727 637.894
-2.52525 439.411
-2.32323 254.823
-2.12121 84.3523
-1.91919 -71.7786
-1.71717 -213.348
-1.51515 -340.135
-1.31313 -451.916
-1.11111 -548.471
-0.909091 -629.577
-0.707071 -695.012
-0.505051 -744.555
-0.30303 -777.983
-0.10101 -795.076
0.10101 -795.61
0.30303 -779.365
0.505051 -746.117
0.707071 -695.646
0.909091 -627.73
1.11111 -542.147
1.31313 -438.674
1.51515 -317.09
1.71717 -177.173
1.91919 -18.7018
2.12121 158.546
2.32323 354.793
2.52525 570.26
2.72727 805.169
2.92929 1059.74
3.13131 1334.2
3.33333 1628.77
3.53535 1943.66
3.73737 2279.11
3.93939 2635.33
4.14141 3012.55
4.34343 3410.98
4.54545 3830.85
4.74747 4272.39
4.94949 4735.8
5.15152 5221.32
5.35354 5729.17
5.55556 6259.56
5.75758 6812.73
5.9596 7388.89
6.16162 7988.26
6.36364 8611.06
6.56566 9257.53
6.76768 9927.87
6.9697 10622.3
7.17172 11341.1
7.37374 12084.4
7.57576 12852.5
7.77778 13645.5
7.9798 14463.8
8.18182 15307.5
8.38384 16176.9
8.58586 17072.1
8.78788 17993.5
8.9899 18941.1
9.19192 19915.3
9.39394 20916.3
9.59596 21944.2
9.79798 22999.4
10 24082
