5 5218.02
5.0101 5385.7
5.0202 5548.02
5.0303 5705.12
5.0404 5857.14
5.05051 6004.2
5.06061 6146.44
5.07071 6284
5.08081 6417.02
5.09091 6545.63
5.10101 6669.97
5.11111 6790.17
5.12121 6906.36
5.13131 7018.69
5.14141 7127.29
5.15152 7232.29
5.16162 7333.83
5.17172 7432.04
5.18182 7527.06
5.19192 7619.04
5.20202 7708.09
5.21212 7794.36
5.22222 7877.98
5.23232 7959.09
5.24242 8037.82
5.25253 8114.31
5.26263 8188.7
5.27273 8261.12
5.28283 8331.7
5.29293 8400.58
5.30303 8467.91
5.31313 8533.8
5.32323 8598.4
5.33333 8661.85
5.34343 8724.27
5.35354 8785.81
5.36364 8846.6
5.37374 8906.77
5.38384 8966.46
5.39394 9025.82
5.40404 9084.96
5.41414 9144.03
5.42424 9203.16
5.43434 9262.5
5.44444 9322.17
5.45455 9382.3
5.46465 9443.04
5.47475 9504.53
5.48485 9566.89
5.49495 9630.26
5.50505 9694.78
5.51515 9760.58
5.52525 9827.8
5.53535 9896.58
5.54545 9967.04
5.55556 10039.3
5.56566 10113.6
5.57576 10189.9
5.58586 10268.5
5.59596 10349.4
5.60606 10432.9
5.61616 10519
5.62626 10607.8
5.63636 10699.6
5.64646 10794.4
5.65657 10892.4
5.66667 10993.7
5.67677 11098.5
5.68687 11206.8
5.69697 11318.9
5.70707 11434.8
5.71717 11554.8
5.72727 11678.8
5.73737 11807.1
5.74747 11939.9
5.75758 12077.1
5.76768 12219
5.77778 12365.8
5.78788 12517.4
5.79798 12674.2
5.80808 12836.2
5.81818 13003.5
5.82828 13176.3
5.83838 13354.7
5.84848 13538.9
5.85859 13728.9
5.86869 13925
5.87879 14127.3
5.88889 14335.8
5.89899 14550.8
5.90909 14772.4
5.91919 15000.6
5.92929 15235.7
5.93939 15477.8
5.94949 15727
5.9596 15983.4
5.9697 16247.2
5.9798 16518.6
5.9899 16797.5
6 17084.3
