5 9903.5
5.0101 9903.5
5.0202 9903.5
5.0303 9903.5
5.0404 9903.5
5.05051 9903.5
5.06061 9903.5
5.07071 9903.5
5.08081 9903.5
5.09091 9903.5
5.10101 9903.5
5.11111 9903.5
5.12121 9903.5
5.13131 9903.5
5.14141 9903.5
5.15152 9903.5
5.16162 9903.5
5.17172 9903.5
5.18182 9903.5
5.19192 9903.5
5.20202 9903.5
5.21212 9903.5
5.22222 9903.5
5.23232 9903.5
5.24242 9903.5
5.25253 9903.5
5.26263 9903.5
5.27273 9903.5
5.28283 9903.5
5.29293 9903.5
5.30303 9903.5
5.31313 9903.5
5.32323 9903.5
5.33333 9903.5
5.34343 9903.5
5.35354 9903.5
5.36364 9903.5
5.37374 9903.5
5.38384 9903.5
5.39394 9903.5
5.40404 9903.5
5.41414 9903.5
5.42424 9903.5
5.43434 9903.5
5.44444 9903.5
5.45455 9903.5
5.46465 9903.5
5.47475 9903.5
5.48485 9903.5
5.49495 9903.5
5.50505 9903.5
5.51515 9903.5
5.52525 9903.5
5.53535 9903.5
5.54545 9903.5
5.55556 9903.5
5.56566 9903.5
5.57576 9903.5
5.58586 9903.5
5.59596 9903.5
5.60606 9903.5
5.61616 9903.5
5.62626 9903.5
5.63636 9903.5
5.64646 9903.5
5.65657 9903.5
5.66667 9903.5
5.67677 9903.5
5.68687 9903.5
5.69697 9903.5
5.70707 9903.5
5.71717 9903.5
5.72727 9903.5
5.73737 9903.5
5.74747 9903.5
5.75758 9903.5
5.76768 9903.5
5.77778 9903.5
5.78788 9903.5
5.79798 9903.5
5.80808 9903.5
5.81818 9903.5
5.82828 9903.5
5.83838 9903.5
5.84848 9903.5
5.85859 9903.5
5.86869 9903.5
5.87879 9903.5
5.88889 9903.5
5.89899 9903.5
5.90909 9903.5
5.91919 9903.5
5.92929 9903.5
5.93939 9903.5
5.94949 9903.5
5.9596 9903.5
5.9697 9903.5
5.9798 9903.5
5.9899 9903.5
6 9903.5
