5 6369.86
5.0101 6441.25
5.0202 6512.64
5.0303 6584.02
5.0404 6655.41
5.05051 6726.8
5.06061 6798.18
5.07071 6869.57
5.08081 6940.96
5.09091 7012.34
5.10101 7083.73
5.11111 7155.12
5.12121 7226.5
5.13131 7297.89
5.14141 7369.28
5.15152 7440.66
5.16162 7512.05
5.17172 7583.44
5.18182 7654.82
5.19192 7726.21
5.20202 7797.6
5.21212 7868.98
5.22222 7940.37
5.23232 8011.76
5.24242 8083.14
5.25253 8154.53
5.26263 8225.92
5.27273 8297.3
5.28283 8368.69
5.29293 8440.08
5.30303 8511.46
5.31313 8582.85
5.32323 8654.24
5.33333 8725.62
5.34343 8797.01
5.35354 8868.4
5.36364 8939.78
5.37374 9011.17
5.38384 9082.56
5.39394 9153.94
5.40404 9225.33
5.41414 9296.72
5.42424 9368.1
5.43434 9439.49
5.44444 9510.88
5.45455 9582.26
5.46465 9653.65
5.47475 9725.04
5.48485 9796.42
5.49495 9867.81
5.50505 9939.2
5.51515 10010.6
5.52525 10082
5.53535 10153.4
5.54545 10224.7
5.55556 10296.1
5.56566 10367.5
5.57576 10438.9
5.58586 10510.3
5.59596 10581.7
5.60606 10653.1
5.61616 10724.5
5.62626 10795.8
5.63636 10867.2
5.64646 10938.6
5.65657 11010
5.66667 11081.4
5.67677 11152.8
5.68687 11224.2
5.69697 11295.5
5.70707 11366.9
5.71717 11438.3
5.72727 11509.7
5.73737 11581.1
5.74747 11652.5
5.75758 11723.9
5.76768 11795.3
5.77778 11866.6
5.78788 11938
5.79798 12009.4
5.80808 12080.8
5.81818 12152.2
5.82828 12223.6
5.83838 12295
5.84848 12366.3
5.85859 12437.7
5.86869 12509.1
5.87879 12580.5
5.88889 12651.9
5.89899 12723.3
5.90909 12794.7
5.91919 12866.1
5.92929 12937.4
5.93939 13008.8
5.94949 13080.2
5.9596 13151.6
5.9697 13223
5.9798 13294.4
5.9899 13365.8
6 13437.1
