5 7838.9
5.0101 7820.09
5.0202 7804.11
5.0303 7790.92
5.0404 7780.51
5.05051 7772.82
5.06061 7767.83
5.07071 7765.51
5.08081 7765.81
5.09091 7768.71
5.10101 7774.18
5.11111 7782.17
5.12121 7792.65
5.13131 7805.6
5.14141 7820.97
5.15152 7838.74
5.16162 7858.86
5.17172 7881.31
5.18182 7906.06
5.19192 7933.06
5.20202 7962.28
5.21212 7993.7
5.22222 8027.27
5.23232 8062.96
5.24242 8100.74
5.25253 8140.58
5.26263 8182.44
5.27273 8226.29
5.28283 8272.09
5.29293 8319.81
5.30303 8369.41
5.31313 8420.87
5.32323 8474.15
5.33333 8529.21
5.34343 8586.02
5.35354 8644.55
5.36364 8704.76
5.37374 8766.62
5.38384 8830.1
5.39394 8895.16
5.40404 8961.76
5.41414 9029.88
5.42424 9099.48
5.43434 9170.53
5.44444 9242.99
5.45455 9316.83
5.46465 9392.01
5.47475 9468.51
5.48485 9546.28
5.49495 9625.3
5.50505 9705.53
5.51515 9786.93
5.52525 9869.47
5.53535 9953.13
5.54545 10037.9
5.55556 10123.6
5.56566 10210.4
5.57576 10298.1
5.58586 10386.8
5.59596 10476.4
5.60606 10566.9
5.61616 10658.2
5.62626 10750.3
5.63636 10843.2
5.64646 10936.8
5.65657 11031.1
5.66667 11126.1
5.67677 11221.7
5.68687 11318
5.69697 11414.7
5.70707 11512.1
5.71717 11609.9
5.72727 11708.2
5.73737 11806.9
5.74747 11906
5.75758 12005.5
5.76768 12105.3
5.77778 12205.5
5.78788 12305.8
5.79798 12406.4
5.80808 12507.2
5.81818 12608.2
5.82828 12709.3
5.83838 12810.5
5.84848 12911.7
5.85859 13013
5.86869 13114.3
5.87879 13215.5
5.88889 13316.7
5.89899 13417.7
5.90909 13518.6
5.91919 13619.3
5.92929 13719.9
5.93939 13820.1
5.94949 13920.1
5.9596 14019.8
5.9697 14119.1
5.9798 14218.1
5.9899 14316.6
6 14414.7
