5 2066.23
5.0101 2395.22
5.0202 2713.97
5.0303 3022.68
5.0404 3321.53
5.05051 3610.73
5.06061 3890.47
5.07071 4160.95
5.08081 4422.37
5.09091 4674.91
5.10101 4918.78
5.11111 5154.17
5.12121 5381.28
5.13131 5600.31
5.14141 5811.44
5.15152 6014.89
5.16162 6210.83
5.17172 6399.47
5.18182 6581.01
5.19192 6755.64
5.20202 6923.56
5.21212 7084.96
5.22222 7240.04
5.23232 7389
5.24242 7532.02
5.25253 7669.32
5.26263 7801.08
5.27273 7927.49
5.28283 8048.77
5.29293 8165.09
5.30303 8276.67
5.31313 8383.69
5.32323 8486.35
5.33333 8584.84
5.34343 8679.37
5.35354 8770.13
5.36364 8857.31
5.37374 8941.11
5.38384 9021.73
5.39394 9099.36
5.40404 9174.2
5.41414 9246.44
5.42424 9316.29
5.43434 9383.94
5.44444 9449.57
5.45455 9513.4
5.46465 9575.61
5.47475 9636.41
5.48485 9695.98
5.49495 9754.53
5.50505 9812.24
5.51515 9869.33
5.52525 9925.97
5.53535 9982.38
5.54545 10038.7
5.55556 10095.2
5.56566 10152.1
5.57576 10209.5
5.58586 10267.6
5.59596 10326.7
5.60606 10386.9
5.61616 10448.4
5.62626 10511.5
5.63636 10576.3
5.64646 10642.9
5.65657 10711.7
5.66667 10782.8
5.67677 10856.5
5.68687 10932.8
5.69697 11012
5.70707 11094.3
5.71717 11179.9
5.72727 11268.9
5.73737 11361.7
5.74747 11458.3
5.75758 11559
5.76768 11664
5.77778 11773.4
5.78788 11887.5
5.79798 12006.4
5.80808 12130.4
5.81818 12259.7
5.82828 12394.4
5.83838 12534.7
5.84848 12680.9
5.85859 12833.1
5.86869 12991.5
5.87879 13156.4
5.88889 13327.9
5.89899 13506.2
5.90909 13691.5
5.91919 13884
5.92929 14083.9
5.93939 14291.5
5.94949 14506.8
5.9596 14730.1
5.9697 14961.7
5.9798 15201.6
5.9899 15450
6 15707.3
