5 1572.4
5.0101 1989.16
5.0202 2390
5.0303 2775.25
5.0404 3145.26
5.05051 3500.38
5.06061 3840.96
5.07071 4167.35
5.08081 4479.89
5.09091 4778.93
5.10101 5064.82
5.11111 5337.9
5.12121 5598.53
5.13131 5847.05
5.14141 6083.8
5.15152 6309.15
5.16162 6523.43
5.17172 6726.99
5.18182 6920.17
5.19192 7103.34
5.20202 7276.83
5.21212 7440.99
5.22222 7596.17
5.23232 7742.72
5.24242 7880.99
5.25253 8011.31
5.26263 8134.05
5.27273 8249.54
5.28283 8358.14
5.29293 8460.2
5.30303 8556.05
5.31313 8646.05
5.32323 8730.55
5.33333 8809.89
5.34343 8884.42
5.35354 8954.49
5.36364 9020.44
5.37374 9082.63
5.38384 9141.41
5.39394 9197.11
5.40404 9250.08
5.41414 9300.68
5.42424 9349.26
5.43434 9396.15
5.44444 9441.71
5.45455 9486.28
5.46465 9530.22
5.47475 9573.87
5.48485 9617.57
5.49495 9661.68
5.50505 9706.54
5.51515 9752.51
5.52525 9799.92
5.53535 9849.12
5.54545 9900.47
5.55556 9954.31
5.56566 10011
5.57576 10070.9
5.58586 10134.3
5.59596 10201.5
5.60606 10273
5.61616 10349.1
5.62626 10430.1
5.63636 10516.4
5.64646 10608.3
5.65657 10706.2
5.66667 10810.4
5.67677 10921.2
5.68687 11039.1
5.69697 11164.3
5.70707 11297.2
5.71717 11438.2
5.72727 11587.5
5.73737 11745.6
5.74747 11912.9
5.75758 12089.5
5.76768 12276
5.77778 12472.5
5.78788 12679.6
5.79798 12897.5
5.80808 13126.6
5.81818 13367.2
5.82828 13619.7
5.83838 13884.4
5.84848 14161.7
5.85859 14451.9
5.86869 14755.4
5.87879 15072.5
5.88889 15403.5
5.89899 15748.9
5.90909 16108.9
5.91919 16483.9
5.92929 16874.3
5.93939 17280.3
5.94949 17702.5
5.9596 18141
5.9697 18596.2
5.9798 19068.6
5.9899 19558.4
6 20065.9
