5 3431.3
5.0101 3719.51
5.0202 3997.3
5.0303 4264.9
5.0404 4522.55
5.05051 4770.5
5.06061 5008.96
5.07071 5238.19
5.08081 5458.42
5.09091 5669.87
5.10101 5872.8
5.11111 6067.42
5.12121 6253.99
5.13131 6432.74
5.14141 6603.89
5.15152 6767.7
5.16162 6924.39
5.17172 7074.2
5.18182 7217.37
5.19192 7354.13
5.20202 7484.71
5.21212 7609.36
5.22222 7728.32
5.23232 7841.8
5.24242 7950.07
5.25253 8053.34
5.26263 8151.85
5.27273 8245.84
5.28283 8335.55
5.29293 8421.22
5.30303 8503.07
5.31313 8581.35
5.32323 8656.28
5.33333 8728.12
5.34343 8797.08
5.35354 8863.42
5.36364 8927.36
5.37374 8989.14
5.38384 9048.99
5.39394 9107.16
5.40404 9163.88
5.41414 9219.39
5.42424 9273.91
5.43434 9327.69
5.44444 9380.96
5.45455 9433.96
5.46465 9486.93
5.47475 9540.1
5.48485 9593.7
5.49495 9647.98
5.50505 9703.16
5.51515 9759.5
5.52525 9817.21
5.53535 9876.54
5.54545 9937.72
5.55556 10001
5.56566 10066.6
5.57576 10134.7
5.58586 10205.7
5.59596 10279.7
5.60606 10356.9
5.61616 10437.7
5.62626 10522.2
5.63636 10610.7
5.64646 10703.4
5.65657 10800.5
5.66667 10902.3
5.67677 11009.1
5.68687 11121
5.69697 11238.3
5.70707 11361.2
5.71717 11490
5.72727 11624.9
5.73737 11766.1
5.74747 11913.9
5.75758 12068.5
5.76768 12230.2
5.77778 12399.1
5.78788 12575.6
5.79798 12759.8
5.80808 12952
5.81818 13152.4
5.82828 13361.3
5.83838 13578.9
5.84848 13805.4
5.85859 14041.1
5.86869 14286.2
5.87879 14540.9
5.88889 14805.5
5.89899 15080.2
5.90909 15365.3
5.91919 15660.9
5.92929 15967.4
5.93939 16285
5.94949 16613.8
5.9596 16954.1
5.9697 17306.3
5.9798 17670.4
5.9899 18046.8
6 18435.6
