5 6828.83
5.0101 6855.22
5.0202 6883.52
5.0303 6913.7
5.0404 6945.72
5.05051 6979.55
5.06061 7015.16
5.07071 7052.5
5.08081 7091.56
5.09091 7132.28
5.10101 7174.65
5.11111 7218.62
5.12121 7264.16
5.13131 7311.24
5.14141 7359.83
5.15152 7409.89
5.16162 7461.38
5.17172 7514.28
5.18182 7568.54
5.19192 7624.14
5.20202 7681.04
5.21212 7739.21
5.22222 7798.61
5.23232 7859.22
5.24242 7920.99
5.25253 7983.89
5.26263 8047.89
5.27273 8112.95
5.28283 8179.05
5.29293 8246.14
5.30303 8314.2
5.31313 8383.19
5.32323 8453.07
5.33333 8523.82
5.34343 8595.39
5.35354 8667.76
5.36364 8740.88
5.37374 8814.74
5.38384 8889.29
5.39394 8964.49
5.40404 9040.32
5.41414 9116.75
5.42424 9193.73
5.43434 9271.23
5.44444 9349.23
5.45455 9427.68
5.46465 9506.56
5.47475 9585.82
5.48485 9665.44
5.49495 9745.38
5.50505 9825.6
5.51515 9906.08
5.52525 9986.78
5.53535 10067.7
5.54545 10148.7
5.55556 10229.9
5.56566 10311.1
5.57576 10392.4
5.58586 10473.7
5.59596 10555
5.60606 10636.2
5.61616 10717.4
5.62626 10798.4
5.63636 10879.3
5.64646 10960
5.65657 11040.5
5.66667 11120.7
5.67677 11200.7
5.68687 11280.3
5.69697 11359.5
5.70707 11438.4
5.71717 11516.9
5.72727 11594.9
5.73737 11672.4
5.74747 11749.3
5.75758 11825.8
5.76768 11901.6
5.77778 11976.8
5.78788 12051.3
5.79798 12125.2
5.80808 12198.3
5.81818 12270.7
5.82828 12342.3
5.83838 12413
5.84848 12482.9
5.85859 12551.9
5.86869 12619.9
5.87879 12687
5.88889 12753.1
5.89899 12818.2
5.90909 12882.2
5.91919 12945.1
5.92929 13006.9
5.93939 13067.5
5.94949 13126.9
5.9596 13185
5.9697 13241.9
5.9798 13297.5
5.9899 13351.8
6 13404.7
