5 3306.53
5.0101 3598.14
5.0202 3879.37
5.0303 4150.45
5.0404 4411.62
5.05051 4663.1
5.06061 4905.13
5.07071 5137.93
5.08081 5361.75
5.09091 5576.81
5.10101 5783.34
5.11111 5981.58
5.12121 6171.75
5.13131 6354.1
5.14141 6528.84
5.15152 6696.22
5.16162 6856.46
5.17172 7009.8
5.18182 7156.47
5.19192 7296.69
5.20202 7430.71
5.21212 7558.75
5.22222 7681.05
5.23232 7797.83
5.24242 7909.33
5.25253 8015.77
5.26263 8117.41
5.27273 8214.45
5.28283 8307.14
5.29293 8395.71
5.30303 8480.38
5.31313 8561.4
5.32323 8638.98
5.33333 8713.37
5.34343 8784.8
5.35354 8853.5
5.36364 8919.69
5.37374 8983.61
5.38384 9045.5
5.39394 9105.58
5.40404 9164.09
5.41414 9221.25
5.42424 9277.3
5.43434 9332.48
5.44444 9387.01
5.45455 9441.12
5.46465 9495.05
5.47475 9549.03
5.48485 9603.28
5.49495 9658.05
5.50505 9713.56
5.51515 9770.05
5.52525 9827.75
5.53535 9886.88
5.54545 9947.68
5.55556 10010.4
5.56566 10075.2
5.57576 10142.4
5.58586 10212.2
5.59596 10284.9
5.60606 10360.6
5.61616 10439.5
5.62626 10522
5.63636 10608.3
5.64646 10698.6
5.65657 10793
5.66667 10892
5.67677 10995.6
5.68687 11104.1
5.69697 11217.7
5.70707 11336.8
5.71717 11461.4
5.72727 11591.9
5.73737 11728.5
5.74747 11871.4
5.75758 12020.8
5.76768 12177
5.77778 12340.2
5.78788 12510.6
5.79798 12688.4
5.80808 12874
5.81818 13067.5
5.82828 13269.2
5.83838 13479.2
5.84848 13697.9
5.85859 13925.4
5.86869 14162
5.87879 14407.9
5.88889 14663.4
5.89899 14928.7
5.90909 15204
5.91919 15489.5
5.92929 15785.5
5.93939 16092.2
5.94949 16409.8
5.9596 16738.6
5.9697 17078.8
5.9798 17430.7
5.9899 17794.4
6 18170.2
